likeours	new_groups	Month	lat	lon	Temp Feb	Sal Feb	pH	Turbidity	Chl-Post Cal	ODO%	ODO	NOx	PO4	NH4	TDP	TDN	TP	TN	Si	TSS Final
FP1	Parramata River	February 	-33.82966466	151.0450192	26.63	12.26	7.82	14.1	41.2	153.8	11.51	276	41	21	97	816	142	1075	1586	13.4
FP2	Parramata River	February 	-33.81848649	151.0708733	25.23	18.48	8.33	15.2	32.8	158.9	11.78	5	34	21	90	521	149	858	434	22.9
FP3	Parramata River	February 	-33.83223602	151.0798957	25.35	21.46	8.55	7.5	15.1	178.2	12.95	3	17	15	44	329	73	476	43	9.5
FP4	Western-central Harbour	February 	-33.8544323	151.1231739	24.88	23.5	8.51	4.1	7.0	137.6	9.97	12	10	8	26	326	38	451	39	6.5
FP5	Western-central Harbour	February 	-33.86246712	151.1553607	24.66	27.88	8.33	2.2	3.9	133.5	9.47	6	5	4	21	208	31	284	30	4.7
FP6	Western-central Harbour	February 	-33.84417004	151.1731387	23.36	29.08	8.18	1.4	4.4	123.3	8.89	7	4	8	14	162	22	213	55	1.9
FLPR06	Parramata River	February 	-33.83094381	151.0999707	24.78	23.3	8.39	7.2	14.2	149.4	10.85	2	14	8	41	278	65	415	60	8.7
FLC1	Lane Cove	February 	-33.80012666	151.1555871	26.355	12.99	7.08	3.8	7.1	105.4	7.52	285	48	282	53	793	75	845	1131	4.7
FLC2	Lane Cove	February 	-33.80985542	151.1422761	27.59	20.54	8.42	8.1	50.1	228.3	16.05	14	17	13	65	394	94	624	632	11.6
FLC3	Lane Cove	February 	-33.82952912	151.146396	27.01	23.4	8.28	7.4	14.3	159.1	11.12	14	16	9	38	272	58	447	540	13.8
FLC4	Lane Cove	February 	-33.82259648	151.1518341	27.84	25.03	8.09	6	8.1	121.7	8.31	1	12	8	38	291	48	387	455	10.3
FLC5	Western-central Harbour	February 	-33.83000702	151.173128	25.54	25.5	8.24	2.2	4.3	132	9.34	2	5	6	20	203	30	269	328	2.9
FLC6	Western-central Harbour	February 	-33.83555939	151.1812941	25.05	26.85	8.1	2.3	5.0	127.4	9.03	1	6	5	22	219	30	308	295	4.5
FMH1	Middle Harbour	February 	-33.75397142	151.1957666	25.12	20.31	7.01	7.6	5.0	32.8	2.41	43	15	93	26	356	39	403	1148	11.1
FMH2	Middle Harbour	February 	-33.7771531	151.2079566	25.59	19.49	8.03	5.7	8.8	118.9	8.70	6	7	9	21	231	35	287	888	5.4
FMH3	Middle Harbour	February 	-33.79127015	151.2189727	26.41	21.49	8.12	7	18.2	137.8	9.83	1	20	7	49	300	59	404	751	13.2
FMH4	Middle Harbour	February 	-33.80551623	151.2221072	24.6	22.95	8.07	3.7	6.1	112.9	8.24	2	7	8	24	231	28	271	611	3.6
FMH5	Middle Harbour	February 	-33.81819776	151.2199925	23.9	23.13	7.7	1.9	4.0	86.1	6.36	275	15	107	28	571	33	635	1239	3.9
FMH6	Marine/Harbour Heads	February 	-33.82082142	151.2634341	23.13	31.56	8.01	0.9	3.5	105.4	7.52	2	4	4	13	139	15	189	347	3.2
FPJ1	Eastern-central Harbour	February 	-33.83856944	151.1939217	22.72	29.74	8.13	1.4	4.5	116.7	8.48	7	3	28	13	209	18	242	78	2.0
FPJ2	Eastern-central Harbour	February 	-33.84465097	151.2078524	23.67	31.72	8.08	3.5	8.9	129.8	9.16	2	5	6	19	180	25	211	57	4.4
FPJ3	Eastern-central Harbour	February 	-33.87306276	151.189418	23.885	32.42	8.015	2.25	6.404299355	125.65	8.804048857	3	7	5	25	159	36	245	113	7.8
FPJ4	Eastern-central Harbour	February 	-33.8732817	151.231871	24.1	33.12	7.95	1	3.9	121.5	8.45	3	5	5	21	178	26	188	49	1.5
FPJ5	Eastern-central Harbour	February 	-33.84118559	151.2159732	25.12	32.8	8	1.4	6.1	123.5	8.45	5	10	7	27	227	32	240	115	2.0
FPJ6	Marine/Harbour Heads	February 	-33.79908216	151.268949	22.15	33.77	7.98	1.5	2.4	99.9	7.16	1	7	5	15	120	19	154	81	2.1
FPJ7	Marine/Harbour Heads	February 	-33.82678452	151.2844457	22.32	33.37	8.04	0.9	3.4	113.2	8.11	86	5	21	16	132	18	171	39	1.4
FPJ8	Eastern-central Harbour	February 	-33.86813745	151.19977296	23.9	30.82	8.13	2.5	8.8	133.9	9.47	1	6	5	26	173	34	272	37	9.7
SP1	Parramata River	September	-33.82966466	151.0450192	19.13	30.16	7.45	6.5	11.051664	79.2	7.18	79	34	84	50	417	81	485	703	6.3
SP2	Parramata River	September	-33.81848649	151.0708733	18.72	34.1	7.8	10.7	8.515894737	97.1	9.02	47	26	30	40	285	66	370	275	13.0
SP3	Parramata River	September	-33.83223602	151.0798957	18.83	34.01	7.81	9.4	9.218976	104.9	9.55	54	26	31	39	270	63	321	310	9.5
SP4	Western-central Harbour	September	-33.8544323	151.1231739	18.21	34.48	7.92	6	4.20525	99.6	9.35	6	18	4	30	160	44	198	177	6.7
SP5	Western-central Harbour	September	-33.86246712	151.1553607	17.84	34.9	7.97	7.9	3.802448276	98.6	9.27	19	15	3	24	144	44	213	172	8.9
SP6	Western-central Harbour	September	-33.84417004	151.1731387	17.61	35.11	8.02	1.5	1.643666368	100.9	9.52	27	13	5	20	161	26	166	83	0.9
SLPR06	Parramata River	September	-33.83094381	151.0999707	18.48	34.37	7.89	5.8	4.054128	97.3	9.05	17	22	16	32	197	45	226	201	1.6
SLC1	Lane Cove	September	-33.80012666	151.1555871	19.08	29.06	7.31	1.2	4.272	76.9	6.99	72	18	38	36	379	47	430	363	1.7
SLC2	Lane Cove	September	-33.80985542	151.1422761	19.13	32.78	7.53	3.2	4.797476056	81.5	7.43	47	31	91	43	394	55	426	243	4.4
SLC3	Lane Cove	September	-33.82952912	151.146396	18.88	33.96	7.72	5.4	4.716168224	92.3	8.45	23	25	45	34	245	50	282	179	6.8
SLC4	Lane Cove	September	-33.82259648	151.1518341	18.73	34.51	7.8	5.1	4.44288	94.9	8.74	13	24	19	36	230	50	254	152	5.0
SLC5	Western-central Harbour	September	-33.83000702	151.173128	18.16	34.92	7.96	4.6	2.004714146	100.4	9.32	4	16	9	26	238	35	243	106	4.0
SLC6	Western-central Harbour	September	-33.83555939	151.1812941	18.14	34.9	7.98	3.6	2.2428	102.9	9.57	0	15	4	25	156	32	164	89	4.2
SMH1	Middle Harbour	September	-33.75397142	151.1957666	18.82	33.85	7.63	1.6	1.957673394	71.4	6.62	54	20	55	27	240	36	233	190	1.4
SMH2	Middle Harbour	September	-33.7771531	151.2079566	17.72	34.79	7.85	1.3	1.544050224	90.8	8.05	9	13	12	21	153	25	164	116	0.8
SMH3	Middle Harbour	September	-33.79127015	151.2189727	17.16	35.03	7.95	0.4	1.760044843	94.6	8.55	17	10	3	18	125	20	139	66	0.7
SMH4	Middle Harbour	September	-33.80551623	151.2221072	17.84	35.1	7.94	0.3	1.177260829	97.5	8.78	18	9	3	16	124	18	119	55	0.5
SMH5	Middle Harbour	September	-33.81819776	151.2199925	18	34.99	7.83	1.3	2.088968807	102.4	7.93	15	7	5	14	124	21	135	35	1.8
SMH6	Marine/Harbour Heads	September	-33.82082142	151.2634341	18.04	35.42	7.93	0.2	1.131688073	103.6	8	14	9	4	15	103	17	127	35	1.0
SPJ1	Eastern-central Harbour	September	-33.83856944	151.1939217	18.3	34.9	7.98	1.5	1.851853211	99.8	8.95	36	15	24	23	182	31	220	158	1.8
SPJ2	Eastern-central Harbour	September	-33.84465097	151.2078524	17.92	35.1	7.97	1.1	1.269147982	100.3	9.04	29	12	5	21	140	21	131	73	1.2
SPJ3	Eastern-central Harbour	September	-33.87306276	151.189418	17.97	34.76	7.97	1.7	3.399719457	103.3	8.19	16	12	4	20	132	30	165	82	2.3
SPJ4	Eastern-central Harbour	September	-33.8732817	151.231871	18.41	34.79	7.62	1	1.101375	94.3	8.26	59	17	41	26	222	31	219	129	1.3
SPJ5	Eastern-central Harbour	September	-33.84118559	151.2159732	18.12	35.07	7.89	1.4	1.091628319	96.8	8.64	26	12	9	21	144	25	136	84	1.3
SPJ6	Marine/Harbour Heads	September	-33.79908216	151.268949	18.29	35.53	8.06	1.1	1.572056075	101.5	9.5	26	8	7	15	135	21	140	41	1.0
SPJ7	Marine/Harbour Heads	September	-33.82678452	151.2844457	17.88	35.52	7.94	0.3	1.615592727	99.8	7.73	23	9	8	22	186	18	171	41	0.3
SPJ8	Eastern-central Harbour	September	-33.86813745	151.19977296	17.81	34.84	7.96	0.9	1.761964758	98.7	8.95	14	12	10	20	127	22	135	104	0.7
SLPR01	Parramata River	September	-33.81351466	151.0104825	20.31	27.97	7.54	11.3	21.82046557	95.6	8.51	116	48	64	64	418	114	521	540	13.3
SLPR13	Eastern-central Harbour	September	-33.85028333	151.2325167	17.64	35.24	8.01	1	1.512586047	102.3	9.65	11	11	4	18	104	19	105	65	0.3
SLPR14	Marine/Harbour Heads	September	-33.84012213	151.25656650	17.65	35.37	7.97	0.6	1.721616	101.4	9.4	25	10	4	19	134	19	139	51	0.7
